20;700;30
20;700;80
20;700;130
20;800;30
20;900;30
20;1000;30
20;1100;30
20;1200;30
8;1400;20
20;1300;130
20;1350;170
20;1450;210
20;1550;170
20;1600;130
1;1850;20
20;1750;160
20;1800;210
20;1850;260
20;1900;210
20;1950;160
20;2050;30
20;2150;30
20;2250;30
7;2550;40
20;2650;210
20;2700;260
20;2850;260
20;2850;210
5;3150;30
20;3200;180
20;3300;180
20;3400;180
8;3550;30
20;3500;200
20;3550;250
20;3650;250
20;3700;200
9;4000;30
20;3950;120
20;4000;170
20;4050;220
20;4100;170
20;4150;120
8;4500;30
20;4450;150
20;4500;210
20;4550;270
20;4600;210
20;4650;150
6;4800;30
20;4750;100
20;4800;140
20;4900;140
20;4950;100
1;5250;30
20;5150;140
20;5200;190
20;5250;240
20;5300;190
20;5350;140
20;5750;100
20;5750;150
20;5750;200
5;5800;30
5;6180;30
5;6560;30
8;6000;136
8;6450;136
20;7000;100
20;7000;150
20;7000;200
3;7450;30
20;7350;140
20;7400;190
20;7550;240
20;7600;190
20;7650;140
2;8050;30
20;7950;140
20;8000;190
20;8150;240
20;8200;190
20;8250;140
0;8550;20
3;9000;20
20;8900;120
20;8950;170
20;9000;220
20;9050;170
20;9100;120
4;9400;20
20;9300;150
20;9350;210
20;9450;270
20;9550;210
20;9600;150
5;9900;20
5;10280;20
1;10150;136
20;10050;200
20;10100;250
30;10250;300
20;10350;250
20;10400;200
0;10700;20
3;11300;20
20;11200;140
20;11250;190
20;11350;240
20;11450;190
20;11500;140
20;11600;100
20;11600;150
20;11600;200
4;12000;20
20;11900;140
20;11950;190
20;12050;240
20;12150;190
20;12200;140
20;12350;30
20;12350;80
20;12350;130
20;12450;30
20;12450;30
20;12650;30
8;12900;30
20;12800;100
20;12850;150
20;12950;150
20;13000;100
4;13300;20
20;13200;140
20;13250;190
20;13350;240
20;13450;190
20;13500;140
5;13800;20
20;14000;140
20;14050;190
30;14100;240
20;14150;190
20;14200;140
6;14850;20
20;14750;100
20;14800;140
20;14850;180
20;14900;140
20;14950;100
6;15300;20
20;15200;100
20;15250;140
20;15300;180
20;15350;140
20;15400;100
20;15600;40
20;15600;80
20;15600;120
20;15800;40
20;15800;80
20;15800;120
5;16000;20
5;16380;20
1;16250;126
20;16150;200
20;16200;250
30;16300;300
20;16400;250
20;16450;200
7;17000;20
20;17100;200
20;17150;250
20;17200;300
20;17250;250
20;17300;200
9;18000;20
20;17900;100
20;17950;140
20;18000;180
20;18050;140
20;18100;100
4;18300;20
20;18200;140
20;18250;190
20;18350;240
20;18450;190
20;18500;140
6;18800;20
9;19000;20
20;18700;100
20;18750;140
20;19100;140
20;19150;100
5;19300;30
5;19680;30
5;20060;30
8;19500;136
20;19400;200
20;19450;250
20;19500;300
20;19550;250
20;19600;200
8;20150;136
20;20050;200
20;20100;250
20;20150;300
20;20200;250
20;20250;200
4;21000;20
20;20900;140
20;20950;190
30;21150;240
20;21250;190
20;21300;140
2;21500;20
20;21400;40
20;21400;80
20;21400;120
4;22800;20
20;22700;140
20;21750;200
20;21850;260
20;21950;200
20;22000;140
0;23150;20
20;23350;30
20;23450;30
5;23600;20
5;23880;20
3;25000;20
20;25250;30
20;25250;80
20;25250;130
20;25550;30
20;25600;80
20;25650;130
20;25700;80
20;25750;30
5;26000;20
20;26150;150
20;26200;200
20;26250;250
20;26300;200
20;26350;150
20;26450;150
20;26550;150
20;26650;150