20;544;57
20;652;61
20;757;62
1;1062;30
5;1243;30
20;1380;153
20;1446;154
7;1797;30
20;1979;161
20;2056;161
20;2129;162
9;2902;30
8;3059;30
30;3769;227
2;3726;30
20;3393;97
20;3459;97
6;4453;30
5;4645;30
5;5016;30
5;5387;30
20;4818;175
20;4888;175
20;4961;175
5;5759;30
5;6132;30
4;5140;141
4;5896;140
5;6503;30
5;6875;30
3;7288;30
20;5512;182
20;5582;184
20;6536;173
20;6605;173
20;6674;176
5;7978;30
4;8249;140
20;8643;30
20;8708;31
20;8777;30
20;7708;73
20;7999;162
20;8069;163
20;7166;177
20;5166;367
20;5920;354
20;7352;350
5;8951;30
5;9321;30
4;9305;140
20;9089;170
20;9159;170
20;9329;341
20;9906;128
