7;571;30
4;1146;30
7;1272;30
20;1171;309
20;1495;166
20;1567;168
20;2141;66
3;2429;30
30;2896;103
20;3036;134
20;3072;206
20;3139;256
5;3195;30
5;3562;30
4;3627;143
20;3654;362
20;750;176
20;824;177
20;902;176
5;3929;30
7;4560;30
20;4572;261
20;5058;271
5;5167;30
5;5536;30
5;5904;30
5;6274;30
30;5395;175
20;5455;176
20;5530;178
1;5746;141
7;6669;30
4;6534;141
20;5798;349
20;6438;235
20;6469;282
20;6522;322
0;7726;30
9;8381;30
20;7468;77
20;8106;90
20;8767;80
1;9083;30
20;8993;143
20;9033;183
20;9079;217
20;9703;76
20;9779;79
20;9854;81
2;4357;30
