20;341;67
20;426;64
20;516;66
2;771;30
5;902;30
5;1270;30
5;1640;30
7;2024;30
7;2605;30
7;3201;30
3;3791;30
7;4003;30
1;5232;30
5;5374;30
5;5742;30
4;6016;140
2;6914;30
2;7054;30
6;7792;30
6;7947;30
9;8762;30
9;8914;30
20;9735;79
20;9802;81
20;9865;83
20;8722;150
20;8758;191
20;8809;224
20;7499;81
20;7562;81
20;7625;84
30;7033;261
5;8104;30
20;6474;101
20;6554;103
20;6637;107
20;6716;110
20;5486;186
20;5564;190
20;5641;192
20;6135;321
20;6204;274
20;6255;225
20;5119;110
20;5148;152
20;5183;197
20;4230;179
20;4300;179
20;3857;322
20;1773;153
20;1706;152
4;1331;141
20;1360;353
20;2572;280
20;3158;273
30;2025;279
20;2247;171
20;2318;169
20;2825;180
20;2894;181
