5;502;30
4;875;30
5;987;30
3;1362;30
20;1426;291
20;901;244
5;1576;30
5;1946;30
20;2014;170
20;2086;171
20;2160;173
0;2389;30
5;2627;30
8;2935;140
6;3096;30
20;3462;58
20;3527;59
20;3596;62
4;3809;30
6;4513;30
5;3998;30
20;4340;191
20;4386;235
20;4435;268
7;5357;31
20;4915;76
20;4986;79
20;5059;83
20;5272;171
20;5308;220
9;6088;30
0;6941;30
20;6452;104
20;6529;104
20;6601;108
3;7753;30
20;7674;134
20;7700;197
20;7732;252
7;8507;30
20;8407;169
20;8457;227
5;9101;30
20;9672;108
20;9740;109
20;9807;109
30;1945;167
