20;392;50
20;459;51
20;527;52
1;665;30
30;721;216
5;828;30
6;1253;30
7;1457;30
20;1163;202
20;1196;247
20;1238;295
5;2259;30
5;2633;30
20;2115;318
20;2169;279
20;2209;241
4;2878;141
5;3173;30
20;3248;171
20;3314;172
20;3380;173
8;3593;30
9;3669;30
5;3822;30
5;4189;30
20;3931;166
20;3998;169
20;4068;172
20;4518;213
20;4559;250
20;4605;293
3;4579;30
0;5506;30
20;5044;105
20;5113;105
20;5182;108
5;5653;30
5;6020;30
8;6041;140
20;6049;285
20;6398;220
20;6427;260
20;6460;298
3;7092;30
20;7456;97
20;7521;100
20;7587;101
5;7851;30
5;8218;30
20;8014;175
20;8080;176
20;8144;178
4;8377;140
20;8406;347
8;9229;30
20;9516;104
20;9581;106
20;9644;109
